1701311111οΉ 3 1115]

11111101( GIAE

CURSUS COMPLETUS,

8800101101111181 8818888108, 1111118111, 8811081118, 8011111001. 0880800181,

81118188,1111181,88818881188881118881888 8888188881188881,

81811 1111110800, 5111511101811

0111 111 Mo 1108108180 An 18111111 mmmmm 111 (ANN 1816118011111118,
81, 10 8111181111 nominum 1111110111 1111811891 1110 1311111818180111181111111.Ι

11188810 888080108181

1111111111 11111 115111111111111111111111111 1111101 1111 1111111111115111111111111111111111
11111511· 5111111 11 11111185,

111111111111151111111115511151111515111111111111111111111115115Ι1111151111τι51ο111115,111111111111111·
1511151111111 1155111111111115,1111111111151111115111115111111111511111111151 1111511111;1111111ι1
1111111115 11111111115111115 1111111151111111111151111551115 51111115 1111111111 1551111115,15111115
11111ς1111111115111111111511151111 1111111115, 51111115 5111 1111115, 5115 1111111115 1111111115
111111151151111511111115, nomn 11111111111111111511τ111111111111111151115,1151111111111111115
5115111111111111111111111111111111 1111111111 11511111111111115 5111111111111 1111511111 51111111·
1111111115,111111111111111111111111111111111 1111111111, 1111111 veno 1111111115 111
. 11111111 111 1111111111111115115111111 111111111115, mmmmm
11111111 51 nummum 1111111115 1111 1111111 1111111111,11111151,1111111111, 11111111111111, 1111111111,
1511111111, summo, 5111111111, 111, RES 5118810888 51111151111115, 1111115111 5111111 5111· .
11151, sto 1115111115 1111111111, 11 51 1111111111,111115 111111 11 1111111115 11111115 111115
51 1111115, 11111111111; 151111551111 11111115 1111111515 5111111111111151111115111, 1111111
5111111111118811, 11111151111, 1111111111 51111111 11115 1111511111111, 1115111 111111
111511151111 111111115511111111111111111111,11111111111111111111 5111111111, 111111
11111111115111111111·, 1111111 8881818180 8181118,1111111 11111111 11111-

mm 111 111111111111111 111115 51 11 1111115111511111 51111111 111115
511111111511111111111111111111111 5111111111 1115115, 1 111111 1511151111
151111111115511111 1111111115, commu 5111 2
1111111 11111111551111,111151151111 1111111115 111111 11151115111, 51 115111111111 1110115111 11111111,
cum 11111115,11111111151111115, 111111111111115111111111,11511111 1111511111 11111 mum
1111 1111151115, 11111111 1111111111 1111111111 1111111111 11511111 111 111111111111111 11111151111115111111

11111111111111 5111111115,111151111111111111511 1111111111 1111, 1111111111 5111111111111111. ’
1111111111111111111111511 11111111111111111 1111111115 mc 1111151115111111,111 111111
1115111111, 111111111151111115111 1111111111, 1111511115 111155. 11 1111151
1111115, 11115, 1111111111 1111151111 nummatus. 11111111111111,
115111111111511115111151111110151 1111111111 1111111111111, orus 11111111111111111 511111111111111.

snmus 11111111,

111 Qut 111001111οΤ 11811118, 0011801188 88111110118811111] 81181181111111181 Ι
Δ 1881818080 10111110881811011 111.

1888818181.·1.1118188.

01811110111111111 universo,
11111 1115111111 10111511111111 111 51111111ο5511111115 1111551151111 11111115 5111111111.

1111010111,111111111115185111115111,1111115111115111110115, nm 1111111 uum, stu! Gnaeo-mmm.
1111111111 8118111111 umens mum SUNT· 1111181, 0118811118 ΕΤ vtem! 01100118 vowfflmuus Nol-B 8111
8111111, 088111 8110111011 8888101118111111818 Vtut? :enm 0081181 8011111111 ’18118 numu 8⁸1· 111108
mm mwu 11111 (UH 8011810118 mm mum! 18111.111·111·85,’11111110111 111 cmm! 8011001111, mo 1⁹1th
‚snm men, 11111 metult. 8081811100 181111111151111111111111111 11111οΙ mnam. 1118110011 mm 0011101111 ΕΤ
nummum 8011111111 nmmum. SMJNM ,8118188 cmo-m 1111 8811811111 votum 81100101111111
1οῧ sumnus, “ 1111188185 msto NENB 1111111 111111111018111111115 1080188108· 80810000008 vonum
culco-mmm! Μ’,Τθ 00011001010118 nm 1111111111 88111111111111158111111111111111111·;1111 urnomout mo,
01 mm 1101118 nmium 1881181111111111, cutfflc'rumm 1811111111 81111 urim, 8188 nucu (100·
mn utensis! tw, 8111118 1111111 8111 1180111, 8010011118 1811118111Ρ11111111101 111 111111811111118 81011 11111111
launum 11111111, 51 1115111111 1111111111 11011101111111111 111111111111111 1111111111 111
δἸΕὒθ urm vnum, 1118881881 votum m) 11081111 811, 11111 8118 181111 18 801111 0011881111 18188011·
111111111511111τ1151111111,111111 5511111111 0111111111511111115115 11115 111111111111111011111151.

3· ,---’ἰ“’.ἶ1 “ -- : ι
1111111111111111111 11111111· 1111.

B. 1111111188 munus.

¹¹⁸*-

EXCUDRBATUN 111 8111811 11801. -P 11111118, 8011011811,
{N 811 mm 1110801811,011111110181011111118181111 1110818800 8111110 1181811111
1101001110, 81111 111111-80111110081, NUNC 811110 1111111 11118811 11818181.

1888

 

